    1,628726287263   -0,415670041095352
    2,544715447154    5,244920163334880
    2,425474254743    5,812279187241810
    1,037940379404    5,058886476782150
    1,883468834688    0,835775197447593
    2,593495934959    4,817692261601820
    2,891598915989    1,296844881036750
    1,265582655827    2,962374733867770
    2,273712737127    5,400843180721420
    1,043360433604    5,034145391330510
    2,685636856369    3,794786193922840
    1,119241192412    4,534424582532240
    1,953929539295    1,673220037522970
    1,428184281843    0,977147886924691
    2,691056910569    3,728555318277960
    2,279132791328    5,436992000726620
    2,756097560976    2,910496721555670
    1,514905149051    0,153252896523888
    2,094850948509    3,541314264888050
    1,330623306233    2,144483167421080
    2,588075880759    4,869822487692030
    1,975609756098    1,953334457618980
    2,642276422764    4,304264420776530
    1,829268292683    0,302664830401935
    2,539295392954    5,286155163587950
    2,084010840108    3,399921808544850
    2,734417344173    3,186086318900640
    1,758807588076   -0,195150786603054
    1,487804878049    0,380317994116404
    1,688346883469   -0,432883352625607
    1,959349593496    1,742514780250350
    2,382113821138    5,826289600671440
    2,669376693767    3,990455658541730
    2,018970189702    2,530287303992270
    1,542005420054   -0,041348312938678
    2,420054200542    5,819873737471720
    1,796747967480    0,042855232690624
    1,753387533875   -0,223077719776825
    1,303523035230    2,486663962258410
    2,864498644986    1,589409933258600
    2,203252032520    4,806085727984170
    1,249322493225    3,162110412503880
    2,826558265583    2,031044114465090
    1,173441734417    4,025238964575010
    1,086720867209    4,782202708001470
    2,658536585366    4,118008564030950
    1,764227642276   -0,165672802980196
    2,317073170732    5,647670301070410
    2,073170731707    3,256996115048340
    1,742547425474   -0,274221893537298
    1,130081300813    4,441621544444120
    1,775067750678   -0,102125425718192
    2,766937669377    2,772716822854920
    1,054200542005    4,980056809374460
    2,907859078591    1,132510315649830
    2,355013550136    5,780696171791680
    2,523035230352    5,401723720386180
    1,460704607046    0,636521554148607
    2,897018970190    1,241067834000240
    2,452574525745    5,749581791917800
    2,463414634146    5,713120433374150
    1,915989159892    1,205668688417680
    2,447154471545    5,765392354731220
    2,924119241192    0,977631355725308
    1,818428184282    0,210648941899805
    1,184281842818    3,911067712713970
    1,238482384824    3,293112996265250
    2,696476964770    3,661883771154930
    2,501355013550    5,536007994213680
    1,151761517615    4,241991837679380
    1,363143631436    1,739053362243670
    1,802168021680    0,082716979971616
    1,157181571816    4,189332406839960
    2,555555555556    5,158525504855810
    2,804878048780    2,295949579794920
    2,111111111111    3,749859321800460
    1,910569105691    1,141810416210410
    2,224932249322    5,012367652858340
    1,612466124661   -0,376196977870421
    2,376693766938    5,820508532982780
    1,222222222222    3,485627184662600
    1,276422764228    2,827512233952140
    2,235772357724    5,108098741255340
    2,295392953930    5,536494458602930
    1,455284552846    0,690937031081110
    1,108401084011    4,622258620388570
    1,997289972900    2,239850460365680
    2,344173441734    5,750842358143360
    1,390243902439    1,411236592128370
    2,853658536585    1,712188221952240
    2,338753387534    5,733451323107540
    2,777777777778    2,635368469417320
    1,336043360434    2,076321875783850
    1,449864498645    0,746338224093620
    2,089430894309    3,470828919520180
    2,647696476965    4,242903650514200
    1,395663956640    1,347227060503300
    2,886178861789    1,353578053828660
    2,978319783198    0,539615282382103
    2,371273712737    5,813055158154110
    2,159891598916    4,340645246259540
    1,731707317073   -0,319001034213679
    2,783197831978    2,566954669264750
    2,799457994580    2,363225389395190
    1,287262872629    2,691648751330400
    2,875338753388    1,469781372615510
    1,498644986450    0,285799475224135
    1,189701897019    3,852648297414760
    2,441734417344    5,779575952155550
    1,850948509485    0,501956897074079
    1,308943089431    2,418176294540550
    2,718157181572    3,391559975258700
    2,230352303523    5,060872721718710
    1,439024390244    0,859968349219742
    2,533875338753    5,326049543124420
    2,934959349594    0,880032006398459
    2,035230352304    2,749175164944090
    2,951219512195    0,742678509740632
    2,333333333333    5,714428663789040
    1,574525745257   -0,228007704685298
    1,623306233062   -0,404146030266596
    1,352303523035    1,873096798791540
    1,905149051491    1,078791090284580
    1,558265582656   -0,141311438197275
    1,271002710027    2,895088152642780
    1,075880758808    4,853933525773880
    1,357723577236    1,805905148976270
    2,040650406504    2,822129013613340
    2,403794037940    5,832662803156880
    1,482384823848    0,429341517699861
    1,552845528455   -0,109439352136052
    2,176151761518    4,522765551283200
    1,216802168022    3,548585683557700
    2,701897018970    3,594809846478920
    1,097560975610    4,704916528636330
    1,807588075881    0,123984515757575
    1,433604336043    0,918131261472575
    2,631436314363    4,424635753535640
    1,791327913279    0,004420297613849
    1,888888888889    0,895104021957747
    1,894308943089    0,955404665657281
    1,634146341463   -0,425549814925982
    1,422764227642    1,036983983739010
    2,252032520325    5,241854055772650
    1,341463414634    2,008344227922130
    1,921409214092    1,270331468523970
    2,219512195122    4,962609457426980
    2,490514905149    5,594300627546740
    1,693766937669   -0,424433709897023
    2,365853658537    5,803932509067970
    2,262872628726    5,324186490995390
    2,560975609756    5,113416269922900
    2,598915989160    4,764493874852830
    1,205962059621    3,672463875874390
    2,550135501355    5,202368659902070
    1,617886178862   -0,390985473865122
    2,571815718157    5,019505362087060
    1,471544715447    0,530773849533431
    2,745257452575    3,048392023766580
    1,162601626016    4,135632796008250
    1,346883468835    1,940589489086340
    2,349593495935    5,766593194344300
    2,002710027100    2,312189942485770
    1,178861788618    3,968609095283890
    1,195121951220    3,793384818551000
    2,208672086721    4,859440855766350
    2,046070460705    2,895012571471290
    1,466124661247    0,583123460817904
    1,254742547425    3,095924477361180
    1,092140921409    4,744242846874420
    1,373983739837    1,606523691882430
    1,520325203252    0,111636833702494
    2,392953929539    5,832827347097720
    1,281842818428    2,759686035005120
    1,737127371274   -0,297413057972099
    1,991869918699    2,167756203039040
    2,837398373984    1,901641534281280
    1,027100271003    5,103686180895630
    1,140921409214    4,344067703402730
    2,913279132791    1,079792545205130
    2,582655826558    4,920854361338390
    1,368563685637    1,672580070197110
    2,284552845528    5,471662154274050
    1,200542005420    3,733311714947960
    1,005420054201    5,174184811405430
    2,810298102981    2,229055263662540
    1,227642276423    3,422037618897560
    2,474254742547    5,670282183568300
    2,154471544715    4,278110167061440
    1,531165311653    0,032402034273972
    1,780487804878   -0,068089039428581
    1,899728997290    1,016644679785070
    2,967479674797    0,616813831988961
    2,902439024390    1,186279100403570
    1,384823848238    1,475814161339920
    2,609756097561    4,655016346508690
    1,579945799458   -0,253875123202039
    1,168021680217    4,080924347335130
    2,186991869919    4,639282414520240
    2,241192411924    5,154020501738700
    2,056910569106    3,040410879944390
    2,723577235772    3,323263633795300
    1,601626016260   -0,341775134480808
    2,387533875339    5,830396260902580
    2,577235772358    4,970758303039810
    1,970189701897    1,882609892438360
    2,772357723577    2,703968973926390
    2,620596205962    4,541643034103000
    1,411924119241    1,158975350284290
    2,994579945799    0,434335971743801
    1,525745257453    0,071345289682438
    1,682926829268   -0,439665371228040
    1,233062330623    3,357853831077810
    2,680216802168    3,860538349400630
    2,306233062331    5,595204490842700
    2,246612466125    5,198613520534990
    2,181571815718    4,581534928853200
    1,569105691057   -0,200613436512656
    1,124661246612    4,488630805003280
    2,615176151762    4,598800496604990
    1,059620596206    4,950742304838570
    2,750677506775    2,979449724860630
    2,143631436314    4,150499220991870
    1,547425474255   -0,076111684694250
    2,013550135501    2,457447714832080
    1,319783197832    2,281199123869900
    1,872628726287    0,720160066185972
    1,699186991870   -0,414319913062851
    1,655826558266   -0,448504947002756
    1,401084010840    1,283822603924940
    2,880758807588    1,411234630374030
    2,024390243902    2,603214759744350
    2,100271002710    3,611339676080690
    2,940379403794    0,833014146691003
    1,981029810298    2,024459402188060
    1,666666666667   -0,449984968026445
    2,989159891599    0,467998303135925
    2,707317073171    3,527372062039610
    2,289972899729    5,504835431860680
    2,761517615176    2,841572573329950
    1,243902439024    3,227852599024110
    1,563685636856   -0,171708879404141
    2,528455284553    5,364579931896220
    2,794037940379    2,430844075354920
    3,000000000000    0,402131123960756
    1,000000000000    5,187763224202960
    1,964769647696    1,812323988097400
    2,712737127371    3,459609137994400
    2,322493224932    5,671527314446790
    1,856368563686    0,554805042247442
    1,536585365854   -0,005169916438404
    1,590785907859   -0,300967443938200
    1,016260162602    5,142151338348540
    1,650406504065   -0,445260604979313
    2,165311653117    4,402288247451800
    2,739837398374    3,117284064066650
    1,769647696477   -0,134658989674883
    1,639566395664   -0,433778579176916
    2,653116531165    4,180806449397530
    2,138211382114    4,085492253639810
    2,170731707317    4,463005925611410
    2,815718157182    2,162580844491520
    1,834688346883    0,350618890115295
    1,644986449865   -0,440350483887366
    1,113821138211    4,578975937019020
    1,493224932249    0,332461313477540
    1,135501355014    4,393424417772490
    2,268292682927    5,363234728215690
    2,468834688347    5,692492217554680
    2,214092140921    4,911624756730250
    2,728997289973    3,254759310815000
    1,937669376694    1,468795839296410
    2,788617886179    2,498766828502920
    1,010840108401    5,158977549037720
    1,325203252033    2,212788733759450
    2,918699186992    1,028156267261150
    1,785907859079   -0,032567598960810
    1,672086720867   -0,448217316710786
    2,078590785908    3,328631335018200
    1,509485094851    0,196168967874029
    1,878048780488    0,777450097479156
    1,211382113821    3,610876621574260
    2,821138211382    2,096564490727230
    2,116531165312    3,818278582656830
    1,986449864499    2,095946220266070
    1,845528455285    0,450291522076347
    1,314363143631    2,349674826983660
    2,311653116531    5,622225004603920
    1,747967479675   -0,249439248497362
    2,105691056911    3,680867240324030
    1,504065040650    0,240359810694656
    1,677506775068   -0,444777227547558
    1,476964769648    0,479503232308681
    1,861788617886    0,608807675407188
    2,495934959350    5,565907115995900
    1,932249322493    1,401930568310100
    2,956639566396    0,699413252489120
    2,566395663957    5,067067232719680
    2,859078590786    1,650422863597200
    2,604336043360    4,710258114664500
    2,062330623306    3,112846836033090
    2,008130081301    2,384735461817540
    1,840108401084    0,399836538277375
    2,409214092141    5,830069511827200
    1,813008130081    0,166636030684675
    2,842818428184    1,837833683157620
    2,506775067751    5,504621058898560
    1,720867208672   -0,357325077170681
    2,430894308943    5,803027030763220
    2,149051490515    4,214716751898640
    2,848238482385    1,774670473635740
    1,726287262873   -0,338975010547673
    1,065040650407    4,919937725554630
    2,197831978320    4,751587999668260
    2,626016260163    4,483576952961680
    1,260162601626    3,029333080532200
    2,983739837398    0,503098285308804
    2,192411924119    4,695976933959490
    2,300813008130    5,566622703936140
    2,929539295393    0,928247063548358
    2,067750677507    3,185054956240140
    2,962059620596    0,657450203351968
    1,417344173442    1,097604851441340
    1,102981029810    4,664247091147840
    2,051490514905    2,967786339729340
    1,406504065041    1,221059920856300
    1,021680216802    5,123716982570420
    2,663956639566    4,054546131367650
    1,661246612466   -0,450080445362675
    1,292682926829    2,623439694903840
    2,257452574526    5,283719119595580
    2,398373983740    5,833582627070270
    1,298102981030    2,555098272211250
    2,360433604336    5,793144549477360
    1,948509485095    1,604477240430190
    1,032520325203    5,082071521951980
    1,926829268293    1,335763868133110
    1,710027100271   -0,389118384321811
    1,444444444444    0,802692914258206
    2,132791327913    4,019730968861280
    1,867208672087    0,663935868985872
    1,943089430894    1,536323560454420
    2,485094850949    5,621171571730330
    1,704607046070   -0,402546362067756
    1,048780487805    5,007863478441550
    2,457994579946    5,732154204094390
    2,127371273713    3,953250905791890
    2,945799457995    0,787220777982962
    1,081300813008    4,818773535296500
    2,831978319783    1,966057350291780
    2,517615176152    5,437459072225590
    2,121951219512    3,886088003846260
    1,715447154472   -0,374042231724157
    1,146341463415    4,293580325467580
    1,070460704607    4,887661662347240
    2,327913279133    5,693783864585930
    2,972899728997    0,577527866939909
    2,869918699187    1,529184544990430
    1,596205962060   -0,322163526077761
    2,436314363144    5,792123551092230
    2,479674796748    5,646503840436240
    2,674796747967    3,925774002493680
    2,414634146341    5,825805322772210
    1,379403794038    1,540922412348750
    2,512195121951    5,471764936380320
    2,029810298103    2,676190562549650
    1,823848238482    0,255999905667570
    1,585365853659   -0,278199984700223
    1,607046070461   -0,359790058015874
    2,636856368564    4,364853423878940
