      2,929048843188   -1,5803503598787900
      3,082005141388   -2,2161023333088300
      1,513110539846   -4,3456253455353900
      2,605655526992   -2,8391508561578500
      2,819794344473   -1,6395473621622200
      2,950899742931   -1,6197265808788200
      2,011311053985   -7,4814793880080700
      1,770951156812   -6,9289374644427400
      1,565552699229   -4,9929537294551200
      2,037532133676   -7,4200697104271500
      2,173007712082   -6,7646595585723000
      2,098714652956   -7,1906554451163500
      2,675578406170   -2,3145443826601200
      2,177377892031   -6,7350887941374900
      2,688688946015   -2,2287658183808800
      1,735989717224   -6,6833984788442400
      2,085604113111   -7,2495913280405100
      2,382776349614   -4,9518919145407800
      1,714138817481   -6,5105094568031300
      2,360925449871   -5,1661882215422000
      2,120565552699   -7,0811694001983600
      2,081233933162   -7,2680812115705500
      1,609254498715   -5,4941160501886400
      2,286632390746   -5,8639654761263600
      1,932647814910   -7,5244771149971200
      3,191259640103   -3,1529600594063000
      2,190488431877   -6,6436305402025700
      2,548843187661   -3,3337892548963000
      2,518251928021   -3,6188359397467400
      1,539331619537   -4,6748055552897600
      2,374035989717   -5,0379298764589300
      2,618766066838   -2,7329163184191900
      1,500000000000   -4,1774475949406700
      2,933419023136   -1,5868398840751600
      2,295372750643   -5,7852090226692000
      2,990231362468   -1,7342557155191200
      1,604884318766   -5,4458036727949700
      2,487660668380   -3,9132325076519200
      2,076863753213   -7,2859856240278200
      1,543701799486   -4,7286430820771200
      2,247300771208   -6,2037968035286200
      2,321593830334   -5,5429917064049600
      2,522622107969   -3,5774732192917200
      3,165038560411   -2,8951806465028200
      2,859125964010   -1,5698995766632600
      3,060154241645   -2,0747466616634100
      2,212339331620   -6,4824535575159100
      2,776092544987   -1,7776221693962800
      1,596143958869   -5,3479256653914700
      1,993830334190   -7,5095646909847200
      1,661696658098   -6,0386158401589500
      2,570694087404   -3,1375367741023800
      2,610025706941   -2,8033728694477400
      2,942159383033   -1,6018968499296500
      2,072493573265   -7,3033000583957600
      2,194858611825   -6,6122514684826900
      2,754241645244   -1,8694498607586700
      3,025192802057   -1,8828702155614400
      2,055012853470   -7,3665714846346200
      2,614395886889   -2,7679588028578800
      2,116195372751   -7,1041687410390500
      2,417737789203   -4,6050279449875300
      2,234190231362   -6,3111061387734300
      1,517480719794   -4,4011806834783900
      2,588174807198   -2,9857466411879700
      2,478920308483   -3,9986436834513400
      3,173778920308   -2,9789394653343600
      2,968380462725   -1,6637064335973200
      2,758611825193   -1,8499107427837500
      2,566323907455   -3,1762355561846600
      1,600514138817   -5,3970711784092000
      2,492030848329   -3,8707167507231000
      1,731619537275   -6,6499903019294500
      1,644215938303   -5,8646639349625400
      1,552442159383   -4,8353663909020300
      2,658097686375   -2,4354873004861500
      2,439588688946   -4,3874932177585200
      1,530591259640   -4,5662187423473700
      2,299742930591   -5,7454381489470100
      1,867095115681   -7,3935097568545900
      2,221079691517   -6,4150844849444000
      2,277892030848   -5,9416198954612000
      3,007712082262   -1,8030953967640200
      1,915167095116   -7,5044966214800800
      2,719280205656   -2,0460969833834700
      2,601285347044   -2,8752850395181700
      2,771722365039   -1,7948045869870200
      2,924678663239   -1,5745527970701400
      2,959640102828   -1,6403300734219300
      1,548071979434   -4,7821660078546200
      1,631105398458   -5,7291329676807300
      2,216709511568   -6,4489688891380900
      1,832133676093   -7,2614460834221400
      2,846015424165   -1,5872067222835700
      2,273521850900   -5,9800134086427400
      2,592544987147   -2,9485908030962300
      2,863496143959   -1,5654620339674800
      2,339074550129   -5,3772331083207000
      1,849614395887   -7,3328412129247000
      1,766580976864   -6,9003947219233700
      2,304113110540   -5,7054165988126300
      2,356555269923   -5,2086925864266300
      2,697429305913   -2,1740252798159400
      1,875835475578   -7,4197955015159800
      1,823393316195   -7,2217591032932700
      1,985089974293   -7,5196855765386100
      3,086375321337   -2,2463101958867700
      2,841645244216   -1,5942985230817500
      2,872236503856   -1,5585987730344200
      2,164267352185   -6,8223887473096600
      2,461439588689   -4,1707356076115400
      3,077634961440   -2,1865356314090600
      2,623136246787   -2,6982530154053400
      1,635475578406   -5,7747797898884500
      1,784061696658   -7,0107996592171000
      2,513881748072   -3,6603896008365800
      2,811053984576   -1,6621555247608200
      3,134447300771   -2,6198345387636300
      1,613624678663   -5,5420012859573500
      2,828534704370   -1,6195022673320300
      2,902827763496   -1,5559173339706900
      1,906426735219   -7,4904311024028400
      1,805912596401   -7,1344886180755900
      2,500771208226   -3,7861091527397400
      2,264781491003   -6,0558926192610100
      2,103084832905   -7,1698707737386400
      2,024421593830   -7,4536355346232200
      2,146786632391   -6,9320198569300100
      2,964010282776   -1,6516717747672200
      3,121336760925   -2,5106118443641300
      2,426478149100   -4,5179928154369300
      2,780462724936   -1,7610406011957300
      2,334704370180   -5,4189552648709300
      1,919537275064   -7,5105099977864800
      2,203598971722   -6,5481948621061500
      2,443958868895   -4,3440435329238000
      2,186118251928   -6,6745676244317300
      2,745501285347   -1,9102540285697000
      1,556812339332   -4,8882363464917700
      2,068123393316   -7,3200201103487600
      1,792802056555   -7,0622028337735300
      2,797943444730   -1,7008106031653600
      1,578663239075   -5,1473579061399600
      2,557583547558   -3,2544772867850500
      1,762210796915   -6,8712301701982700
      1,775321336761   -6,9568548254850900
      2,159897172237   -6,8505343379448700
      1,648586118252   -5,9088883897315900
      1,880205655527   -7,4319228099951500
      3,099485861183   -2,3407451727345800
      2,343444730077   -5,3353370426811000
      3,147557840617   -2,7343855246221100
      3,108226221080   -2,4068405171118300
      2,824164524422   -1,6292027150753900
      2,985861182519   -1,7187647335024400
      2,920308483290   -1,5694465399262400
      1,923907455013   -7,5158442089070100
      3,047043701799   -1,9977924160173900
      2,142416452442   -6,9581775462441000
      2,238560411311   -6,2756964109645700
      2,430848329049   -4,4744768634561600
      3,038303341902   -1,9498110847048500
      2,880976863753   -1,5544326067360500
      2,242930591260   -6,2399240910320700
      2,207969151671   -6,5155312661026700
      2,496401028278   -3,8283393562677700
      1,587403598972   -5,2484243382205400
      2,033161953728   -7,4318887123636000
      1,958868894602   -7,5341485442232800
      1,871465295630   -7,4069908725876900
      2,636246786632   -2,5966132189143800
      2,483290488432   -3,9558777759632000
      1,639845758355   -5,8199589374974800
      2,041902313625   -7,4076248756288100
      3,112596401028   -2,4408179964757100
      1,893316195373   -7,4642342438460800
      1,753470437018   -6,8110504690974900
      1,757840616967   -6,8414474898410900
      2,063753213368   -7,3361414790108500
      2,854755784062   -1,5750045664699100
      3,020822622108   -1,8619069750764800
      2,701799485861   -2,1474075866010900
      1,679177377892   -6,2044853315282400
      3,156298200514   -2,8136485319774400
      1,840874035990   -7,2984783253054800
      2,387146529563   -4,9087399098901500
      1,910796915167   -7,4978037327240100
      1,853984575835   -7,3490175890075400
      2,282262210797   -5,9029345392201500
      1,801542416452   -7,1110397298424300
      2,749871465296   -1,8895659785490700
      1,954498714653   -7,5342210050042100
      2,422107969152   -4,5615128447412400
      3,169408740360   -2,9367844275892200
      2,002570694087   -7,4968226268496500
      2,885347043702   -1,5533660016575400
      2,706169665810   -2,1212998687299900
      2,767352185090   -1,8125832852651500
      1,718508997429   -6,5462476397116800
      1,902056555270   -7,4823786195908400
      2,448329048843   -4,3006339400788800
      2,596915167095   -2,9117676359482500
      2,972750642674   -1,6764336428784800
      2,291002570694   -5,8247208923606200
      2,714910025707   -2,0706386135276600
      2,693059125964   -2,2011467762767900
      3,160668380463   -2,8541335651675600
      2,378406169666   -4,9949582089564200
      2,470179948586   -4,0845018307236500
      3,029562982005   -1,9045100289400300
      1,508740359897   -4,2898124788275700
      3,042673521851   -1,9734678953127000
      2,832904884319   -1,6104493143961500
      1,683547557841   -6,2446456270199200
      2,138046272494   -6,9838231792354500
      1,967609254499   -7,5319929246852700
      2,094344473008   -7,2108736846070300
      3,016452442159   -1,8416222358971300
      2,898457583548   -1,5542536518955100
      2,732390745501   -1,9756976430877900
      2,710539845758   -2,0957082117333200
      2,352185089974   -5,2510580332295400
      1,976349614396   -7,5271671027812000
      1,591773778920   -5,2983743046118600
      3,186889460154   -3,1086562868646300
      1,998200514139   -7,5035200985718600
      1,561182519280   -4,9407680482412300
      3,130077120823   -2,5828286939636600
      2,736760925450   -1,9533251697087700
      2,994601542416   -1,7504354447641000
      1,674807197943   -6,1637964691408600
      2,155526992288   -6,8781921762573600
      3,051413881748   -2,0227821457323100
      1,583033419023   -5,1980830784058000
      1,652956298201   -5,9526259933419900
      2,946529562982   -1,6104650131805500
      3,095115681234   -2,3086352814456500
      2,575064267352   -3,0991303506565800
      2,889717223650   -1,5529795206601100
      1,705398457584   -6,4373259536585000
      2,907197943445   -1,5582672792820400
      2,666838046272   -2,3740993489702800
      1,963239074550   -7,5334053434454300
      2,028791773779   -7,4430784333152900
      2,151156812339   -6,9053560559618400
      2,269151670951   -6,0181069939319500
      1,526221079692   -4,5114856122894900
      2,631876606684   -2,6300940291277200
      2,251670951157   -6,1673222352426700
      2,089974293059   -7,2305205823687700
      2,937789203085   -1,5940219074822400
      2,509511568123   -3,7021255099869500
      3,116966580977   -2,4754098554874300
      1,814652956298   -7,1794338483279100
      3,103856041131   -2,3734815625760800
      1,779691516710   -6,9841433416932400
      3,138817480720   -2,6574324831308000
      2,644987146530   -2,5308856394899500
      2,850385604113   -1,5807744904138800
      2,260411311054   -6,0933623067092400
      2,046272493573   -7,3945577649608400
      1,971979434447   -7,5299129263150500
      3,003341902314   -1,7848565743828300
      2,981491002571   -1,7039634947000800
      1,937017994859   -7,5277770945797100
      2,627506426735   -2,6639764290254500
      3,012082262211   -1,8220178108296900
      1,687917737789   -6,2842717575587700
      2,400257069409   -4,7788590307300000
      2,728020565553   -1,9986208150453200
      3,200000000000   -3,2431295753880100
      1,788431876607   -7,0368205342879100
      2,181748071979   -6,7050559425055500
      2,124935732648   -7,0576296387068000
      1,701028277635   -6,3998905837806500
      2,671208226221   -2,3440893591948200
      2,059383033419   -7,3516599676966800
      2,330334190231   -5,4604948385373600
      1,884575835476   -7,4433720821706000
      2,256041131105   -6,1305081338757400
      1,810282776350   -7,1572875150000500
      1,980719794344   -7,5237573243008700
      2,050642673522   -7,3808720436717700
      1,504370179949   -4,2337504312082500
      2,391516709512   -4,8655111275921900
      2,505141388175   -3,7440349444369800
      2,649357326478   -2,4986533320494600
      2,457069408740   -4,2139709959074600
      2,465809768638   -4,1275762342764400
      2,679948586118   -2,2854710880567900
      2,404627249357   -4,7354536470464700
      2,762982005141   -1,8309535941093800
      2,474550128535   -4,0415213383223900
      2,784832904884   -1,7450643488834400
      2,325964010283   -5,5018431881010000
      1,692287917738   -6,3233582183708400
      2,312853470437   -5,6246549997955300
      1,670437017995   -6,1225847302384000
      2,640616966581   -2,5635413336681000
      2,793573264781   -1,7149451422971800
      2,915938303342   -1,5650308149378000
      2,977120822622   -1,6898528775672900
      3,143187660668   -2,6956177655689300
      2,815424164524   -1,6505328034613500
      1,950128534704   -7,5336213203948000
      1,836503856041   -7,2802950035670500
      1,945758354756   -7,5323482018662300
      1,819023136247   -7,2009251593373700
      3,195629820051   -3,1977864859456500
      1,626735218509   -5,6830250283024400
      2,168637532134   -6,7937616957256200
      2,020051413882   -7,4635567876678600
      1,744730077121   -6,7484290938823800
      1,617994858612   -5,5894524304002000
      2,413367609255   -4,6485291118069400
      2,955269922879   -1,6296816185165700
      1,657326478149   -5,9958705225022100
      2,229820051414   -6,3461457134538200
      1,622365038560   -5,6364626099400900
      3,151928020566   -2,7737307997095600
      3,090745501285   -2,2771557158846300
      2,802313624679   -1,6872982087576100
      2,526992287918   -3,5363101003639100
      1,574293059126   -5,0962562699134700
      1,666066838046   -6,0808558965493700
      2,535732647815   -3,4546171433163500
      3,033933161954   -1,9268243715251300
      1,709768637532   -6,4742005861756000
      1,797172236504   -7,0869435357147500
      1,740359897172   -6,7162128483309800
      2,308483290488   -5,6651527441755100
      2,806683804627   -1,6744119033728600
      1,696658097686   -6,3618995989090300
      2,531362467866   -3,4953552106839100
      2,583804627249   -3,0232271943860700
      1,727249357326   -6,6159927375994900
      1,827763496144   -7,2419334498478900
      1,749100257069   -6,7800430032363100
      2,789203084833   -1,7296977759839300
      2,540102827764   -3,4141044551916900
      2,199228791774   -6,5804372651480800
      1,521850899743   -4,4564701906450500
      1,569922879177   -5,0447856844575100
      2,111825192802   -7,1266222670034700
      3,125706940874   -2,5464196094499700
      1,858354755784   -7,3645219876320400
      2,133676092545   -7,0089509005078900
      2,553213367609   -3,2940036627000800
      1,534961439589   -4,6206614248433000
      2,653727506427   -2,4668515353465900
      2,408997429306   -4,6920073443922800
      2,579434447301   -3,0610244521584700
      2,369665809769   -5,0807980178137400
      2,395886889460   -4,8222145146074000
      2,317223650386   -5,5839318218352400
      2,015681233933   -7,4728390744259200
      1,845244215938   -7,3159942794539700
      3,182519280206   -3,0648810705638800
      2,741131105398   -1,9315088460071800
      2,837275064267   -1,6020470414972500
      1,862724935733   -7,3793531056094400
      2,894087403599   -1,5532748730281500
      2,662467866324   -2,4045676044647200
      2,365295629820   -5,1235537527607800
      1,722879177378   -6,5814103086154700
      2,107455012853   -7,1485246789510700
      1,989460154242   -7,5149539602632000
      2,544473007712   -3,3738256656341600
      2,435218508997   -4,4309739956437700
      3,178149100257   -3,0216402228821900
      1,941388174807   -7,5304004779777000
      1,928277634961   -7,5204997201921400
      3,055784061697   -2,0484344700445700
      2,006940874036   -7,4894748331775600
      2,723650385604   -2,0220891409082700
      2,347814910026   -5,2932757728296800
      3,068894601542   -2,1293391760955500
      2,452699228792   -4,2572734324308200
      2,911568123393   -1,5613047309430800
      2,129305912596   -7,0335549449458300
      2,867866323907   -1,5616943376851300
      2,998971722365   -1,7673028078908600
      2,561953727506   -3,2152184814638000
      3,073264781491   -2,1576134842459100
      1,888946015424   -7,4541427200984000
      2,876606683805   -1,5561775107554400
      3,064524421594   -2,1017158808881900
      2,225449871465   -6,3808076388498100
      1,897686375321   -7,4736462915730700
      2,684318766067   -2,2568760640970100
